1      58.65   444.32   16555.68
2      57.12   445.85   16109.83
3      55.58   447.39   15662.44
4      54.04   448.93   15213.51
5      52.49   450.48   14763.03
6      50.93   452.04   14310.99
7      49.37   453.60   13857.39
8      47.81   455.16   13402.23
9      46.24   456.73   12945.50
10      44.66   458.31   12487.19
11      43.08   459.89   12027.30
12      41.49   461.48   11565.82
13      39.90   463.07   11102.75
14      38.30   464.67   10638.08
15      36.70   466.27   10171.81
16      35.09   467.88   9703.93
17      33.48   469.49   9234.44
18      31.86   471.11   8763.33
19      30.23   472.74   8290.59
20      28.60   474.37   7816.22
21      26.97   476.00   7340.22
22      25.32   477.65   6862.57
23      23.68   479.29   6383.28
24      22.02   480.95   5902.33
25      20.36   482.61   5419.72
26      18.70   484.27   4935.45
27      17.03   485.94   4449.51
28      15.35   487.62   3961.89
29      13.67   489.30   3472.59
30      11.98   490.99   2981.60
31      10.29   492.68   2488.92
32      8.59   494.38   1994.54
33      6.88   496.09   1498.45
34      5.17   497.80   1000.65
35      3.45   499.52   501.13
36      1.73   501.13   0.00
Final payment: 502.86
