1      885.42   344.43   249655.57
2      884.20   345.65   249309.92
3      882.97   346.88   248963.04
4      881.74   348.11   248614.93
5      880.51   349.34   248265.59
6      879.27   350.58   247915.01
7      878.03   351.82   247563.19
8      876.79   353.06   247210.13
9      875.54   354.31   246855.82
10      874.28   355.57   246500.25
11      873.02   356.83   246143.42
12      871.76   358.09   245785.33
13      870.49   359.36   245425.97
14      869.22   360.63   245065.34
15      867.94   361.91   244703.43
16      866.66   363.19   244340.24
17      865.37   364.48   243975.76
18      864.08   365.77   243609.99
19      862.79   367.06   243242.93
20      861.49   368.36   242874.57
21      860.18   369.67   242504.90
22      858.87   370.98   242133.92
23      857.56   372.29   241761.63
24      856.24   373.61   241388.02
25      854.92   374.93   241013.09
26      853.59   376.26   240636.83
27      852.26   377.59   240259.24
28      850.92   378.93   239880.31
29      849.58   380.27   239500.04
30      848.23   381.62   239118.42
31      846.88   382.97   238735.45
32      845.52   384.33   238351.12
33      844.16   385.69   237965.43
34      842.79   387.06   237578.37
35      841.42   388.43   237189.94
36      840.05   389.80   236800.14
37      838.67   391.18   236408.96
38      837.28   392.57   236016.39
39      835.89   393.96   235622.43
40      834.50   395.35   235227.08
41      833.10   396.75   234830.33
42      831.69   398.16   234432.17
43      830.28   399.57   234032.60
44      828.87   400.98   233631.62
45      827.45   402.40   233229.22
46      826.02   403.83   232825.39
47      824.59   405.26   232420.13
48      823.15   406.70   232013.43
49      821.71   408.14   231605.29
50      820.27   409.58   231195.71
51      818.82   411.03   230784.68
52      817.36   412.49   230372.19
53      815.90   413.95   229958.24
54      814.44   415.41   229542.83
55      812.96   416.89   229125.94
56      811.49   418.36   228707.58
57      810.01   419.84   228287.74
58      808.52   421.33   227866.41
59      807.03   422.82   227443.59
60      805.53   424.32   227019.27
61      804.03   425.82   226593.45
62      802.52   427.33   226166.12
63      801.01   428.84   225737.28
64      799.49   430.36   225306.92
65      797.96   431.89   224875.03
66      796.43   433.42   224441.61
67      794.90   434.95   224006.66
68      793.36   436.49   223570.17
69      791.81   438.04   223132.13
70      790.26   439.59   222692.54
71      788.70   441.15   222251.39
72      787.14   442.71   221808.68
73      785.57   444.28   221364.40
74      784.00   445.85   220918.55
75      782.42   447.43   220471.12
76      780.84   449.01   220022.11
77      779.24   450.61   219571.50
78      777.65   452.20   219119.30
79      776.05   453.80   218665.50
80      774.44   455.41   218210.09
81      772.83   457.02   217753.07
82      771.21   458.64   217294.43
83      769.58   460.27   216834.16
84      767.95   461.90   216372.26
85      766.32   463.53   215908.73
86      764.68   465.17   215443.56
87      763.03   466.82   214976.74
88      761.38   468.47   214508.27
89      759.72   470.13   214038.14
90      758.05   471.80   213566.34
91      756.38   473.47   213092.87
92      754.70   475.15   212617.72
93      753.02   476.83   212140.89
94      751.33   478.52   211662.37
95      749.64   480.21   211182.16
96      747.94   481.91   210700.25
97      746.23   483.62   210216.63
98      744.52   485.33   209731.30
99      742.80   487.05   209244.25
100      741.07   488.78   208755.47
101      739.34   490.51   208264.96
102      737.61   492.24   207772.72
103      735.86   493.99   207278.73
104      734.11   495.74   206782.99
105      732.36   497.49   206285.50
106      730.59   499.26   205786.24
107      728.83   501.02   205285.22
108      727.05   502.80   204782.42
109      725.27   504.58   204277.84
110      723.48   506.37   203771.47
111      721.69   508.16   203263.31
112      719.89   509.96   202753.35
113      718.08   511.77   202241.58
114      716.27   513.58   201728.00
115      714.45   515.40   201212.60
116      712.63   517.22   200695.38
117      710.80   519.05   200176.33
118      708.96   520.89   199655.44
119      707.11   522.74   199132.70
120      705.26   524.59   198608.11
121      703.40   526.45   198081.66
122      701.54   528.31   197553.35
123      699.67   530.18   197023.17
124      697.79   532.06   196491.11
125      695.91   533.94   195957.17
126      694.01   535.84   195421.33
127      692.12   537.73   194883.60
128      690.21   539.64   194343.96
129      688.30   541.55   193802.41
130      686.38   543.47   193258.94
131      684.46   545.39   192713.55
132      682.53   547.32   192166.23
133      680.59   549.26   191616.97
134      678.64   551.21   191065.76
135      676.69   553.16   190512.60
136      674.73   555.12   189957.48
137      672.77   557.08   189400.40
138      670.79   559.06   188841.34
139      668.81   561.04   188280.30
140      666.83   563.02   187717.28
141      664.83   565.02   187152.26
142      662.83   567.02   186585.24
143      660.82   569.03   186016.21
144      658.81   571.04   185445.17
145      656.78   573.07   184872.10
146      654.76   575.09   184297.01
147      652.72   577.13   183719.88
148      650.67   579.18   183140.70
149      648.62   581.23   182559.47
150      646.56   583.29   181976.18
151      644.50   585.35   181390.83
152      642.43   587.42   180803.41
153      640.35   589.50   180213.91
154      638.26   591.59   179622.32
155      636.16   593.69   179028.63
156      634.06   595.79   178432.84
157      631.95   597.90   177834.94
158      629.83   600.02   177234.92
159      627.71   602.14   176632.78
160      625.57   604.28   176028.50
161      623.43   606.42   175422.08
162      621.29   608.56   174813.52
163      619.13   610.72   174202.80
164      616.97   612.88   173589.92
165      614.80   615.05   172974.87
166      612.62   617.23   172357.64
167      610.43   619.42   171738.22
168      608.24   621.61   171116.61
169      606.04   623.81   170492.80
170      603.83   626.02   169866.78
171      601.61   628.24   169238.54
172      599.39   630.46   168608.08
173      597.15   632.70   167975.38
174      594.91   634.94   167340.44
175      592.66   637.19   166703.25
176      590.41   639.44   166063.81
177      588.14   641.71   165422.10
178      585.87   643.98   164778.12
179      583.59   646.26   164131.86
180      581.30   648.55   163483.31
181      579.00   650.85   162832.46
182      576.70   653.15   162179.31
183      574.39   655.46   161523.85
184      572.06   657.79   160866.06
185      569.73   660.12   160205.94
186      567.40   662.45   159543.49
187      565.05   664.80   158878.69
188      562.70   667.15   158211.54
189      560.33   669.52   157542.02
190      557.96   671.89   156870.13
191      555.58   674.27   156195.86
192      553.19   676.66   155519.20
193      550.80   679.05   154840.15
194      548.39   681.46   154158.69
195      545.98   683.87   153474.82
196      543.56   686.29   152788.53
197      541.13   688.72   152099.81
198      538.69   691.16   151408.65
199      536.24   693.61   150715.04
200      533.78   696.07   150018.97
201      531.32   698.53   149320.44
202      528.84   701.01   148619.43
203      526.36   703.49   147915.94
204      523.87   705.98   147209.96
205      521.37   708.48   146501.48
206      518.86   710.99   145790.49
207      516.34   713.51   145076.98
208      513.81   716.04   144360.94
209      511.28   718.57   143642.37
210      508.73   721.12   142921.25
211      506.18   723.67   142197.58
212      503.62   726.23   141471.35
213      501.04   728.81   140742.54
214      498.46   731.39   140011.15
215      495.87   733.98   139277.17
216      493.27   736.58   138540.59
217      490.66   739.19   137801.40
218      488.05   741.80   137059.60
219      485.42   744.43   136315.17
220      482.78   747.07   135568.10
221      480.14   749.71   134818.39
222      477.48   752.37   134066.02
223      474.82   755.03   133310.99
224      472.14   757.71   132553.28
225      469.46   760.39   131792.89
226      466.77   763.08   131029.81
227      464.06   765.79   130264.02
228      461.35   768.50   129495.52
229      458.63   771.22   128724.30
230      455.90   773.95   127950.35
231      453.16   776.69   127173.66
232      450.41   779.44   126394.22
233      447.65   782.20   125612.02
234      444.88   784.97   124827.05
235      442.10   787.75   124039.30
236      439.31   790.54   123248.76
237      436.51   793.34   122455.42
238      433.70   796.15   121659.27
239      430.88   798.97   120860.30
240      428.05   801.80   120058.50
241      425.21   804.64   119253.86
242      422.36   807.49   118446.37
243      419.50   810.35   117636.02
244      416.63   813.22   116822.80
245      413.75   816.10   116006.70
246      410.86   818.99   115187.71
247      407.96   821.89   114365.82
248      405.05   824.80   113541.02
249      402.12   827.73   112713.29
250      399.19   830.66   111882.63
251      396.25   833.60   111049.03
252      393.30   836.55   110212.48
253      390.34   839.51   109372.97
254      387.36   842.49   108530.48
255      384.38   845.47   107685.01
256      381.38   848.47   106836.54
257      378.38   851.47   105985.07
258      375.36   854.49   105130.58
259      372.34   857.51   104273.07
260      369.30   860.55   103412.52
261      366.25   863.60   102548.92
262      363.19   866.66   101682.26
263      360.12   869.73   100812.53
264      357.04   872.81   99939.72
265      353.95   875.90   99063.82
266      350.85   879.00   98184.82
267      347.74   882.11   97302.71
268      344.61   885.24   96417.47
269      341.48   888.37   95529.10
270      338.33   891.52   94637.58
271      335.17   894.68   93742.90
272      332.01   897.84   92845.06
273      328.83   901.02   91944.04
274      325.64   904.21   91039.83
275      322.43   907.42   90132.41
276      319.22   910.63   89221.78
277      315.99   913.86   88307.92
278      312.76   917.09   87390.83
279      309.51   920.34   86470.49
280      306.25   923.60   85546.89
281      302.98   926.87   84620.02
282      299.70   930.15   83689.87
283      296.40   933.45   82756.42
284      293.10   936.75   81819.67
285      289.78   940.07   80879.60
286      286.45   943.40   79936.20
287      283.11   946.74   78989.46
288      279.75   950.10   78039.36
289      276.39   953.46   77085.90
290      273.01   956.84   76129.06
291      269.62   960.23   75168.83
292      266.22   963.63   74205.20
293      262.81   967.04   73238.16
294      259.39   970.46   72267.70
295      255.95   973.90   71293.80
296      252.50   977.35   70316.45
297      249.04   980.81   69335.64
298      245.56   984.29   68351.35
299      242.08   987.77   67363.58
300      238.58   991.27   66372.31
301      235.07   994.78   65377.53
302      231.55   998.30   64379.23
303      228.01   1001.84   63377.39
304      224.46   1005.39   62372.00
305      220.90   1008.95   61363.05
306      217.33   1012.52   60350.53
307      213.74   1016.11   59334.42
308      210.14   1019.71   58314.71
309      206.53   1023.32   57291.39
310      202.91   1026.94   56264.45
311      199.27   1030.58   55233.87
312      195.62   1034.23   54199.64
313      191.96   1037.89   53161.75
314      188.28   1041.57   52120.18
315      184.59   1045.26   51074.92
316      180.89   1048.96   50025.96
317      177.18   1052.67   48973.29
318      173.45   1056.40   47916.89
319      169.71   1060.14   46856.75
320      165.95   1063.90   45792.85
321      162.18   1067.67   44725.18
322      158.40   1071.45   43653.73
323      154.61   1075.24   42578.49
324      150.80   1079.05   41499.44
325      146.98   1082.87   40416.57
326      143.14   1086.71   39329.86
327      139.29   1090.56   38239.30
328      135.43   1094.42   37144.88
329      131.55   1098.30   36046.58
330      127.66   1102.19   34944.39
331      123.76   1106.09   33838.30
332      119.84   1110.01   32728.29
333      115.91   1113.94   31614.35
334      111.97   1117.88   30496.47
335      108.01   1121.84   29374.63
336      104.04   1125.81   28248.82
337      100.05   1129.80   27119.02
338      96.05   1133.80   25985.22
339      92.03   1137.82   24847.40
340      88.00   1141.85   23705.55
341      83.96   1145.89   22559.66
342      79.90   1149.95   21409.71
343      75.83   1154.02   20255.69
344      71.74   1158.11   19097.58
345      67.64   1162.21   17935.37
346      63.52   1166.33   16769.04
347      59.39   1170.46   15598.58
348      55.24   1174.61   14423.97
349      51.08   1178.77   13245.20
350      46.91   1182.94   12062.26
351      42.72   1187.13   10875.13
352      38.52   1191.33   9683.80
353      34.30   1195.55   8488.25
354      30.06   1199.79   7288.46
355      25.81   1204.04   6084.42
356      21.55   1208.30   4876.12
357      17.27   1212.58   3663.54
358      12.98   1216.87   2446.67
359      8.67   1221.18   1225.49
360      4.34   1225.49   0.00
Final payment: 1229.83
