1      80.83   378.23   24621.77
2      79.61   379.45   24242.32
3      78.38   380.68   23861.64
4      77.15   381.91   23479.73
5      75.92   383.14   23096.59
6      74.68   384.38   22712.21
7      73.44   385.62   22326.59
8      72.19   386.87   21939.72
9      70.94   388.12   21551.60
10      69.68   389.38   21162.22
11      68.42   390.64   20771.58
12      67.16   391.90   20379.68
13      65.89   393.17   19986.51
14      64.62   394.44   19592.07
15      63.35   395.71   19196.36
16      62.07   396.99   18799.37
17      60.78   398.28   18401.09
18      59.50   399.56   18001.53
19      58.20   400.86   17600.67
20      56.91   402.15   17198.52
21      55.61   403.45   16795.07
22      54.30   404.76   16390.31
23      53.00   406.06   15984.25
24      51.68   407.38   15576.87
25      50.37   408.69   15168.18
26      49.04   410.02   14758.16
27      47.72   411.34   14346.82
28      46.39   412.67   13934.15
29      45.05   414.01   13520.14
30      43.72   415.34   13104.80
31      42.37   416.69   12688.11
32      41.02   418.04   12270.07
33      39.67   419.39   11850.68
34      38.32   420.74   11429.94
35      36.96   422.10   11007.84
36      35.59   423.47   10584.37
37      34.22   424.84   10159.53
38      32.85   426.21   9733.32
39      31.47   427.59   9305.73
40      30.09   428.97   8876.76
41      28.70   430.36   8446.40
42      27.31   431.75   8014.65
43      25.91   433.15   7581.50
44      24.51   434.55   7146.95
45      23.11   435.95   6711.00
46      21.70   437.36   6273.64
47      20.28   438.78   5834.86
48      18.87   440.19   5394.67
49      17.44   441.62   4953.05
50      16.01   443.05   4510.00
51      14.58   444.48   4065.52
52      13.15   445.91   3619.61
53      11.70   447.36   3172.25
54      10.26   448.80   2723.45
55      8.81   450.25   2273.20
56      7.35   451.71   1821.49
57      5.89   453.17   1368.32
58      4.42   454.64   913.68
59      2.95   456.11   457.57
60      1.48   457.57   0.00
Final payment: 459.05
